precision: 0.00086	Average Precisioni: [0.32978, 0.21967720000002045, 0.17959337777778436]
precision: 0.42008	 Average Precision: [0.39404, 0.2907250000000279, 0.2511913111111104]
